4445,3813,7549,8267,10476,12688,13342,17690,20769,27590,35258,38534,47408,51598,55383,58135,67608,75425,83399,73600,80938,84372,83720,86920,91088,96009,92376,93157,95507,96198,99712,105592,108737,116370,123569,126412,126380,133809,133658,134742,143727,138108,138980,147589,155640,151916,161452,167202,172233,176710,176275,175246,174338,184059,186032,183351,183715,192540,193063,196077,198190,205312,212362,219137,220778,223536,217845,221384,221732,229721,232456,242318,236784,244873,250413,259875,257644,260402,264150,270020
1096,1116,2434,10020,15187,15330,14785,20526,28147,34620,40146,42778,45126,49767,59594,59765,66683,70525,74262,73104,74863,81394,76568,82565,86536,88092,84549,90697,93984,95858,103839,112263,116409,117852,124170,122629,121314,126322,130373,134662,137002,137348,139199,145662,147779,150782,154189,162400,162517,167339,168656,169629,174063,179988,183035,180653,181828,186001,186691,195669,203139,203240,207039,215763,214830,224679,216626,219946,227014,236647,234840,241774,235521,242104,244012,253995,254476,258663,268016,277393
9607,8501,2955,9039,10403,19386,22408,22111,29046,37597,37173,44344,48635,52469,55233,57317,59986,64642,73985,72804,67747,77075,76001,77137,82986,81469,83729,88847,95351,97190,106417,107048,115950,110277,117373,115912,120236,128751,133985,125867,131182,138753,140909,145234,146637,144724,151162,154977,163849,164588,169136,165252,170794,177701,174694,175853,181673,190748,195375,194329,203577,201945,206052,212990,211321,215961,216008,219645,219954,227298,234253,234599,234977,244021,252647,260113,259512,268178,274401,283631
7206,10320,10715,10133,16283,21465,28823,29498,33543,34498,34599,36077,43854,50820,57830,64357,62889,61492,64988,65095,65544,73815,67997,70945,77130,77914,83851,91852,97956,104054,102147,105789,106499,108889,109464,110179,113268,120232,124012,124204,130153,137159,137874,141202,142354,142420,150464,152901,154636,154782,159600,165056,171507,173001,172219,177000,183799,184401,185905,192150,198700,200117,201460,203823,207608,213056,217601,226972,225374,230442,235055,239481,239218,244261,252134,260176,267881,268538,277794,279174
3620,11644,11292,20130,23660,29147,29830,30656,36938,40808,36495,38586,44022,45754,55234,55940,56436,56537,62769,70144,65450,67756,67866,74638,78071,80792,88932,94865,101606,95772,97982,105314,111486,113556,116797,114223,115559,117349,119795,127185,135883,141606,141552,148306,144179,144460,144600,148582,153487,157647,159847,164888,167400,168888,171156,172331,179919,188240,193983,199462,199677,204934,209925,208891,211061,214157,215808,223714,223967,233217,239238,248029,247327,250912,254324,254669,259447,264599,269482,276987
1074,6512,15520,15038,20435,25864,28516,31919,32689,41877,40743,41079,45440,53767,63354,56647,65961,62450,61016,62915,63243,66119,69723,70396,78972,85002,91535,90387,92918,94373,99646,106233,105404,107153,110376,110980,120905,124290,122618,131385,138424,141714,144766,146553,152083,147881,151737,158142,161938,160316,169066,171220,168976,174365,177911,180679,184083,188390,191374,195386,202015,203059,205933,212474,216003,215060,216464,225589,229127,237963,241432,244013,244473,252911,254449,259956,260115,263467,266145,273087
4295,5242,10838,12359,15420,25288,31188,38317,41622,48281,46690,46142,49093,58540,64540,59326,60093,60807,60923,69481,63406,67333,76112,70554,75647,78094,83876,87843,89559,90490,98262,106426,102339,111583,114271,118756,122182,131044,128632,130962,137909,139686,142798,147390,150059,149787,155739,156053,160655,169310,174985,180434,172971,177997,185593,187488,189086,191518,193883,201360,196792,205763,206104,214643,215216,219701,222807,223578,226570,231840,237087,246347,246742,254216,255258,262420,265321,264699,269255,274012
510,4066,9443,10849,16570,21516,24151,31998,34774,43067,50004,52493,52138,52425,55295,57507,59369,63801,63625,64843,72969,69239,75537,73788,82747,79656,85953,94788,97420,90729,97347,98669,101222,103435,108488,113934,118336,124836,130018,138603,144809,145442,150039,141382,146568,153722,159720,164050,168736,177691,174929,177942,175592,177173,177905,187469,188551,190404,195846,196162,196682,198419,202122,207443,212236,215012,216520,218167,227268,229767,236658,240994,248006,251335,254547,255989,265982,268687,272042,279748
9444,7467,13358,20565,17798,24905,24260,27823,30523,36684,41723,46715,47226,55767,58933,54127,55421,58479,59785,60105,68986,74742,84068,74199,82849,88480,91448,99730,104271,92729,93957,101774,103321,109794,112059,118053,122500,123799,129790,130333,138207,140504,140378,140479,142572,146035,155224,162096,168214,169086,170094,171873,174678,183762,181953,184076,189953,190008,193083,194820,204279,202954,208575,211087,211195,217177,220957,223380,224720,231687,241630,246809,242500,250574,252412,259391,268523,274387,267112,272160
3327,7357,14534,19906,27731,24515,26881,31666,33278,38110,40622,42740,44984,49391,51561,52060,59592,68221,64836,67792,68762,75686,79213,78893,84038,85344,87509,93449,95874,101639,97470,99379,106362,106708,113085,117389,126719,131002,136395,134042,137388,138358,138727,148464,148383,150462,160401,164094,172530,174652,172071,175601,177077,181062,189365,186568,191934,199810,202276,202116,203149,208014,217158,213853,212346,219975,225144,229375,224778,232397,239962,243204,241831,248110,251319,256227,265451,265072,266397,274937
6882,8147,9922,13570,18260,19219,25056,29576,34970,36348,45833,44100,48118,48696,57870,54992,64882,68578,64952,66675,67853,77208,84271,80487,82405,90979,95103,101391,97421,103587,105358,99733,106665,111316,112326,120085,126990,127651,135340,140134,146680,142203,148332,156775,148826,157101,162264,169323,176197,181008,179850,177399,178831,184056,190717,187748,195772,201438,201526,210679,204989,208497,209690,214135,214994,218532,224775,229147,231720,235275,236476,238996,240118,245133,251246,259205,260888,257663,266336,268778
7338,9170,13893,18216,18791,26832,32977,37340,37986,41716,48968,52952,57284,50946,53747,59872,67965,73703,68990,76483,75212,84706,84872,89603,87351,90053,95626,98547,107283,105049,106318,102143,106314,109023,116531,122772,130294,128266,130673,138873,143062,147695,153344,160697,151416,156619,160893,161603,168932,177995,178951,185770,182553,186806,191591,188942,193770,198487,203035,203975,204958,207533,212044,214982,216809,218836,221536,222772,223613,229373,231053,237313,239686,243537,245378,250346,251518,256697,263872,267381
4420,5747,9307,11683,17943,20931,30468,29063,33892,42764,49953,49203,50995,58064,63709,69208,72056,81245,75847,77676,85075,86135,89985,91013,90058,98310,98017,100026,104001,108994,109386,111978,109741,109364,117776,119910,123944,132455,137094,140135,149147,150678,157967,158067,152771,160675,169861,168523,174379,176387,182932,191263,186208,191219,192058,196983,203025,205011,206897,212763,205020,212475,215557,219985,225222,222754,223612,230732,229721,233011,238052,240749,241127,245985,249559,251425,260156,264442,267616,268381
356,8652,15440,12741,14018,18761,22611,24999,31078,37540,40355,45975,54470,59848,59923,64247,67688,77558,76960,77125,78669,79848,82682,83244,89420,91733,98569,107408,106987,116441,114585,118866,111668,115230,123990,120230,122022,130318,138216,144337,151578,156564,162378,160882,161107,162251,166565,169674,172246,178257,180343,189404,195611,193432,196866,206597,210306,208170,205961,207295,208201,214045,219159,229057,229856,225285,228024,234454,233983,241493,242598,245304,247931,248592,258013,252111,260760,267278,267451,271114
9870,5557,7115,12078,20828,23515,29132,31255,39896,42748,46046,55634,62847,69573,64973,69590,70227,76328,78172,86825,86419,87962,88039,86245,95075,96171,96370,105915,114411,114454,116532,116859,121065,115336,121426,128411,130668,136732,144231,149609,149325,155598,158654,162785,168746,166164,172735,178208,181949,182648,187961,188160,189480,189485,191379,198150,204114,207306,204142,213848,212993,220421,227476,233017,229393,228970,230271,239300,242137,243231,252582,247930,257368,252759,259110,257171,257200,258418,259657,264442
192,5405,13702,20877,20909,27875,32518,32434,38957,43636,53149,54630,57671,63026,72329,78744,71616,80318,84761,90752,92755,91501,93577,89339,95985,102687,102636,105395,110003,114455,115072,124478,129129,121715,121870,127472,132422,134232,142623,144159,144475,153189,153640,158822,164685,169795,173625,177510,177886,178832,182852,187715,189970,194115,197102,199270,196731,198115,199434,206974,206054,212484,218750,223635,224177,229879,230499,231140,234276,241626,243104,246259,249079,258188,264449,258293,261670,258432,266925,266537
1046,5347,11429,11903,16877,24699,26801,31962,37134,44080,52154,61870,64257,71703,77291,77239,73833,74828,80216,82934,90586,96319,98508,90688,98789,101742,103070,112682,117925,117334,115303,121190,123419,122083,126227,130560,134114,140044,146280,151543,149089,149369,152462,162062,164172,172035,168253,172556,175908,175861,177172,184370,191931,193699,198838,198638,196193,196423,199363,200331,205614,212131,214277,215923,216792,226194,233262,239785,241334,241147,250837,250411,252005,261509,264448,265797,267744,261376,267846,274396
4659,4073,9024,18368,18804,25075,33912,40673,39952,43940,51600,52382,57998,61741,67542,72224,81972,82230,80995,78532,83081,89920,91969,91463,95633,98065,102239,105980,113520,121537,118136,122163,120764,121575,124446,125596,135405,138124,147323,150961,149801,149909,151960,155479,163461,170828,165622,165930,169288,175793,177843,182679,187769,195633,194641,197207,195972,202848,202724,208430,211186,216020,217557,215274,223167,231272,232253,235182,235456,239382,247168,253291,260238,270159,267122,271137,269172,261579,266164,270001
5759,3337,10781,18749,26491,28576,30167,35006,36711,37361,44422,46883,56113,65504,74877,71790,73003,73434,81235,76699,79079,81782,87943,94821,103152,100603,106696,107255,112320,117382,120221,120803,120368,128477,126380,127140,128709,137331,145275,142457,148577,150141,151980,156128,163707,165025,162861,168118,172361,176720,180562,188218,186086,187950,193836,198611,193563,199462,208331,199808,207470,210125,215916,214833,216134,223765,230619,235248,240880,244662,246093,248170,257887,264447,268703,269492,267727,263525,265173,269459
1571,2999,11598,12828,20600,24821,33344,42393,40753,46087,51989,53619,62652,64756,69635,69377,75711,79439,83433,71705,80700,87239,90849,98516,103717,106668,105907,106755,111352,113063,120224,121214,119354,125077,122855,128881,137892,137394,143030,139552,147331,155254,151315,150558,158036,166279,160184,163417,167943,171119,172627,180670,180894,186106,192152,192528,187983,193260,201516,198172,199563,205366,206834,208979,212949,219250,227017,229376,237863,247634,254878,254555,255411,257016,265988,261231,258047,259038,260421,266384
1822,6646,12603,19114,28982,28934,25860,35213,41441,44322,47288,54244,63368,66459,67969,64410,71750,72723,82119,70436,75183,81276,90811,93771,97157,101132,105033,106057,108795,116952,117476,116403,112620,122093,116499,123481,128986,134808,139020,138460,145639,150961,142568,143671,150531,156370,158392,166882,164841,172392,176525,173150,180174,182029,191477,187540,187274,190946,193756,194530,202153,206376,211226,215050,222924,224185,226100,235871,242561,246407,246924,247035,254659,259170,259784,258829,255661,263070,261533,269660
8738,10496,20051,22162,26545,25472,25559,31815,38555,43844,51806,48780,54885,56885,58736,62809,71766,78307,74993,69896,72383,72686,82288,90121,89824,93549,100227,102464,108096,110328,112261,107931,110336,113248,112593,121020,125783,128755,131084,132386,140180,144273,141004,145354,152600,154663,162442,164520,163931,172668,168720,172269,174227,182464,184395,182750,186000,189456,195774,196193,196901,204615,210758,217648,221076,227929,235434,243426,243152,249601,253209,246572,255072,255794,261262,252435,252000,255939,260138,262673
7047,11370,13304,18467,22633,23094,26638,29405,35959,36162,42260,44525,53603,55678,59032,65673,70040,69285,68446,64707,72273,77575,79550,85276,88196,89386,93689,99320,99507,103232,103348,102108,105446,105569,111381,111726,119899,129684,128072,129027,134630,136845,139425,144686,147451,150362,156341,156730,160637,163121,164353,170286,173195,176499,177637,179253,184367,193566,198638,203635,204146,210618,215378,221737,230129,232444,233563,241491,243138,247630,243423,245160,249620,256926,257182,251064,251892,255166,256878,260324
3975,8540,16671,22471,25641,25400,34238,33797,42944,36173,40084,47202,56847,60672,54388,60018,61628,60102,67959,64606,72442,71953,79269,84605,88331,84012,85910,95599,95754,101491,100676,98487,101166,104407,112155,111742,114466,119907,126547,131202,140121,141365,140283,145252,145269,147372,153407,161450,165349,165302,165292,165707,167324,175824,184077,181408,189251,197225,205084,199826,206162,208527,211144,218977,222551,224568,230999,232087,240095,238604,241162,241786,250765,252381,254856,250098,257520,255776,264121,267939
9248,10628,15556,18544,21071,25430,29919,39060,39557,45349,46857,54305,51889,59176,52360,53956,56197,57823,59207,61948,65597,70959,79750,84365,81146,80723,86048,92499,93423,96751,97273,97363,102176,111913,121470,112433,114821,116204,120225,121834,131040,135747,140947,148054,153373,151705,161565,166463,157874,164833,169379,167584,171869,179641,185909,182029,186944,196293,200389,198080,207663,205334,209461,210241,218472,218244,224354,223196,230699,233082,235059,239929,246694,248546,256175,248788,252780,256422,257438,261741
5093,5231,9870,16479,17625,23190,23285,30806,39883,42155,43129,47517,49982,50722,51444,56442,59764,60870,60128,62864,70719,70892,72957,77195,78243,78248,85095,94643,102055,105945,103215,102140,110050,114593,117354,119686,117337,117759,119592,122776,132229,138012,144909,148709,155223,151590,153461,161516,156650,164289,160852,168553,171061,178625,183091,187052,189248,191226,194419,197374,198462,202263,208466,210214,213951,215227,215240,219360,227075,235627,235632,238553,238659,246167,246471,247751,254891,257458,266573,267007
6237,9838,17365,25526,18147,25518,28168,30708,36575,42941,45979,47375,47796,48072,51433,51960,58597,63458,62529,70051,75859,80263,78255,79240,83339,83695,91450,93306,95560,104089,103451,102161,103858,105622,111075,118160,118297,120164,120331,122431,128231,128959,138696,140901,146594,146713,154861,154199,151769,159309,159315,167088,172945,179073,177246,183115,191349,185830,191646,201272,205913,206582,211477,213611,218739,222147,217119,219246,222130,227608,232585,241601,244824,251116,249533,253422,259390,257293,261912,266675
9905,16965,26355,19201,25070,27001,36047,40413,38601,39632,40678,45805,53181,54600,54681,56901,58079,65968,65893,70379,75737,85139,87413,87840,84364,84569,86408,88191,88500,97530,99373,100218,108616,107055,114173,114243,122314,123041,124235,131297,134953,133258,133268,135197,141094,145282,145882,147771,151096,153581,160054,164528,170683,172250,177096,180944,182863,185146,187775,192127,199902,201003,203217,213202,213417,221687,226869,221986,230347,234711,238515,247179,254514,259418,258800,253766,255843,257215,259095,268645
5825,14342,18791,14016,22220,23280,26883,33908,34260,42594,42675,46367,53800,62901,61975,64399,67494,71420,69743,73251,80108,89321,94220,92252,91674,85423,90807,88877,93478,94370,103021,103459,106202,110003,113816,122404,129015,127457,131225,137715,138150,140096,139771,135311,143654,149498,154528,156465,151161,151952,157931,160618,163239,165258,173355,174778,178422,188186,192696,195393,199055,204616,205693,213964,221555,225638,226806,225326,227324,237198,240845,247297,249631,251362,254073,257697,265410,261358,266928,275815
6223,8322,11022,11611,16327,24660,26022,31029,33782,36630,41071,49468,54997,62490,66891,74354,73570,74790,76139,80222,83264,83512,87423,89911,94841,87881,95064,94332,93648,100457,106874,106849,108158,115346,114393,121919,124122,125090,133254,133733,142432,148011,140278,141704,146336,147933,155467,159071,151779,155059,161120,170411,172477,173605,173923,183568,180492,185690,192172,197172,203371,205393,206783,214296,215619,219491,225661,229138,231470,234206,234273,237424,242972,245753,255432,262996,268039,269945,268821,272485
5826,7164,13888,12358,21666,25523,28643,34685,32291,33933,41103,42048,47805,54299,62166,64814,70813,77313,73725,83483,90604,86947,90763,98245,100028,93137,101660,96557,101135,102434,111989,114897,113921,116335,119341,123606,126033,134068,141342,142574,151640,157612,146088,151102,155202,157071,159643,164946,158991,158331,165090,170768,176607,177071,179345,180688,188689,188844,192444,193131,194159,198738,200822,210289,214781,222043,229339,230288,235564,241340,236350,236772,244104,250994,258836,256756,264359,267393,269026,267954
1861,3474,8353,10237,17571,18537,20537,28026,30149,34436,35908,39171,43897,53100,54140,58243,62426,67352,67682,76935,80997,80497,82132,92092,92669,93989,97184,106185,102165,106257,111236,117710,120314,119134,126101,132293,133757,141149,151076,144659,147859,154325,154790,151367,159013,165604,165805,167119,163565,164918,165530,168254,168958,172149,180472,189995,191691,189548,194612,197091,202368,200765,203523,211916,214038,218679,226149,223750,227907,234921,234824,235267,240757,248263,249872,251877,260727,259993,263053,267215
4052,10161,13058,17497,24142,25252,24243,29747,38419,35990,36724,44911,52100,52305,53176,54985,56351,61303,70597,75007,77429,76229,82312,90186,93242,98460,103776,108451,109566,109605,111708,112134,120706,123297,132468,135469,134705,142359,151703,147876,149509,155089,162761,153989,154065,156939,157819,159853,169782,166464,168189,174000,172712,179245,186681,196375,201651,196963,196776,197729,200089,204283,205920,206967,209163,215990,216565,217349,220024,228845,234056,239827,245180,251879,248020,251181,252805,254217,258566,262946
4629,6863,13103,21235,26464,23861,30250,30961,31227,33137,35588,44372,47162,48289,55221,56432,65337,63795,69271,69668,70557,73584,81225,86308,92084,96106,96291,99655,105356,107798,110638,114798,124323,128125,134727,137341,142152,145863,150368,155621,157543,161603,166510,156594,161818,163897,165089,166789,169795,175432,168628,170954,175606,178691,182116,191979,197028,202324,205464,198026,205606,213060,213836,213654,217846,223131,216871,226440,222408,223908,227254,231855,239184,246297,245886,243604,249918,254419,259393,262222
8316,6936,8961,15845,18872,20680,26394,34018,39107,41665,39793,48479,54749,51519,52658,59931,66094,70781,73185,78977,72021,81380,85699,92794,94296,101598,98874,108336,112888,114365,112244,116680,125661,131273,138069,141726,146802,147870,153942,157620,165874,162941,166240,165439,166601,172510,169160,168021,174049,176225,172618,173102,176850,176953,186406,186944,193689,202799,203725,201151,201624,207594,216322,220726,226908,224535,218188,223327,232270,230404,233316,235193,235657,237257,239789,240877,249109,256848,265122,266095
2341,2864,9960,18357,23888,25954,35798,34262,39255,41535,47482,51507,55703,57041,60562,65979,68602,77860,74187,82233,78469,86556,92944,94711,102636,108725,107340,113065,118925,117786,117557,117192,126356,136193,145987,150095,150987,149358,156568,158092,159108,163728,173163,167917,174366,180545,169857,174698,177773,183213,178471,180764,180745,186546,187591,191671,197696,203430,211095,204221,201762,210231,216979,223438,222870,230805,226834,225705,226167,233922,236431,244883,244534,241203,242517,249670,249353,255676,264342,268613
6430,5270,14264,14320,15587,19413,28856,35935,43514,46767,53458,54942,61660,62739,64706,71734,69194,71821,72038,72772,78966,87122,96240,93114,95754,103823,107950,111235,111929,115126,118503,121335,126137,129461,137595,144548,151580,149838,153180,157469,164534,167162,169268,175049,180168,188088,178917,182229,181094,182819,179538,183289,181189,186692,193477,199608,204061,208233,208431,210487,209939,211409,217799,219405,222309,229864,236668,234372,228200,229923,235090,236756,245302,249355,242990,247465,253916,261863,264116,266995
2810,5852,13611,15352,17627,20236,27912,36552,40669,42627,50127,58175,59932,63886,73156,73705,73990,74733,72698,78209,81762,82774,88531,93056,97762,102960,106547,112322,117419,122903,124750,130237,127619,132011,138712,143728,143955,146240,149596,157078,167034,174382,171778,180722,178527,181989,182495,182780,185637,190026,186707,191085,182436,186714,193630,201806,205548,213933,210741,211832,218631,214076,218644,220414,228733,232318,237238,238262,233128,237266,240475,246528,253249,258141,245046,254312,257370,260177,261054,263714
6206,14104,19539,21189,21804,24569,24776,32710,38291,47817,51994,53492,61903,64887,70085,73882,74533,80520,81212,86883,85638,83373,88700,89526,91678,95762,98195,107522,109693,114312,117040,120648,124497,128358,131856,141799,143206,147197,154388,163498,164170,168199,169179,172088,178032,180389,181486,186481,195256,196780,190907,200589,189090,191576,196320,202273,208905,209959,210252,219691,226917,216331,217027,225736,227269,229113,235554,235984,235127,241190,249906,253546,261306,261061,251312,258111,257726,261323,265078,270379
3847,10203,18744,25969,24129,27075,29975,30444,35894,43402,43088,52741,56587,62934,69275,68748,72069,72085,73406,81014,86029,86735,95226,96494,98496,96559,96715,99290,99996,109512,114856,120313,129523,133409,139955,137110,147061,154724,159935,163572,158504,159765,164475,165543,174296,179095,180323,182944,186219,192407,195606,197397,198608,200277,202252,206527,212538,219836,213185,217367,223426,219261,223714,230396,237040,229767,239204,239153,243723,243017,248488,257397,259749,259872,255706,258914,266482,266836,271995,272435
5458,13631,16769,20059,22893,27785,31102,33021,42720,46998,40891,42826,48303,54951,64565,65472,75064,73060,81821,75621,82943,91191,92495,90856,99416,98466,104525,105940,107351,110290,115263,122157,126090,129874,133074,135493,144727,149474,151682,153889,155834,158733,160140,166285,174308,177792,183480,190630,188956,192784,196488,205492,203798,210017,210895,215177,214932,219358,214707,216414,220027,229148,230670,232843,235605,230600,232049,241538,244111,244097,248264,251720,258529,260995,255933,263058,265817,272067,278467,280524
3266,10291,20047,17058,18323,27439,30034,28770,33532,39025,39728,48416,48768,57941,57567,59817,65824,72955,72703,73427,77075,83776,84082,87394,95749,100234,104421,109609,116097,118049,118791,120968,126211,134590,136912,142726,145928,155115,158898,156079,162801,161653,166222,174132,179486,181401,190359,197308,196687,193278,202031,210738,205321,209112,212024,215656,209574,216345,224457,217060,222109,222933,231350,236610,238335,236302,234562,243837,248116,246864,255548,252885,262788,265513,255988,265670,274633,278072,280174,286697
1998,10729,11665,13144,18403,24726,22311,18982,26727,33863,37636,41446,42176,50431,53136,55789,65579,72375,68257,68612,77956,79633,83323,85351,95030,103132,103706,108024,114505,123680,124214,129030,129078,138735,144465,137401,141321,148751,152696,160335,164049,165045,167570,172565,177415,180282,188233,197900,197173,202784,211919,207792,208836,204686,208481,208571,208927,210410,214610,216741,223710,228864,229350,236230,240634,237386,239731,244641,251208,255199,257002,257928,260542,263894,258655,263168,269640,277111,282831,284447
8878,10491,12207,13075,14981,17662,18226,18891,24886,27360,34856,38288,47779,56866,61986,64076,64745,65568,65915,72109,74373,76965,84836,92452,100960,105787,103783,106459,111119,116000,123572,123051,132083,133022,137406,133959,141484,149903,155459,164522,163364,172251,174596,180194,180526,181736,183818,191416,197142,198948,204977,207011,199970,202984,208047,208717,214178,216041,217977,226537,232185,236772,234423,235988,240996,242681,244188,245462,250250,251978,252316,252916,261331,269866,268006,270918,276527,282372,284113,284238
3637,10126,19760,22539,24036,20075,26050,28408,32418,30937,37987,44173,51153,60518,70300,64267,65137,67634,74413,74327,77084,82385,88853,89439,92759,101989,103023,104416,114302,116089,123200,119240,127704,135746,136059,133030,140751,142998,150713,160183,162702,166118,174491,171660,180897,182963,186227,191227,191906,192261,195330,199403,199897,202205,207717,212051,221489,224827,226614,236311,233354,235303,241017,242060,245266,251839,252104,251214,257044,261369,258617,258758,262043,264184,268082,276109,280419,289240,291192,285545
8497,15178,19910,27061,31096,25279,34309,35565,33251,35951,44674,47380,57176,66462,68545,64386,69504,75284,83748,75136,78811,81408,86552,90497,95587,103971,103210,107312,108572,111017,113809,118062,126451,135741,129190,130955,132476,139397,147983,152351,153916,159643,167498,169501,174335,184232,190143,198773,196976,193591,201283,206960,207877,208233,213522,221141,229406,227846,230416,231114,240263,241051,242982,251718,249683,254560,254151,257872,258650,258922,264360,260036,265734,272920,270677,277152,282494,289090,290239,292465
8188,16197,25743,20901,29673,27779,37625,42157,40123,39808,41115,49240,56282,57473,63632,65962,66605,71209,79108,81984,79182,87249,88614,91814,99109,100966,110471,114248,108956,111149,113339,113640,122175,127678,129140,136520,137590,142414,151247,153010,157984,166695,175957,176199,178334,180979,187916,195663,194617,196524,200080,208023,210762,211355,220460,225907,226325,229224,234372,234813,243834,247184,242686,246770,246945,248566,248567,249646,255713,261525,263707,269950,270773,271219,268290,275018,284102,285966,291829,288790
9935,18728,20805,14591,24133,32379,38192,36246,45374,49483,47201,54276,54595,55929,63861,67444,73772,75387,77113,84833,79877,88154,96041,98173,104085,102685,105465,113994,110315,112328,116826,121712,122841,132839,130287,139091,146995,148669,150288,152453,159944,159945,168827,176205,179542,180045,185803,189912,193489,194474,197674,205289,213347,216387,217467,223877,230750,233396,233410,232977,241512,237683,242089,245694,254464,252671,254330,258839,256326,266285,259381,261361,264140,265825,264057,268977,276115,285934,287827,287565
3466,13320,11688,12766,19988,28876,29755,32915,36493,41033,47886,56576,56904,62280,69427,69037,75958,85079,77970,81277,84875,87047,92830,96761,106178,105226,111525,111538,111102,113201,122332,131206,123737,132337,131930,140349,147597,150257,152866,161032,160035,166608,172114,179789,177522,183687,187973,189307,198952,198279,199337,200793,209646,211822,221711,226410,227517,227900,231944,230565,231627,231779,239584,244564,249764,248310,248125,254386,254789,256698,259167,254101,254574,264250,263957,271799,270814,278974,282190,286589
1005,5517,10703,14656,16820,20192,24289,27536,36233,39255,48817,49305,53176,59967,63186,65903,70533,75686,83515,83051,89185,88244,88158,97081,105868,104240,113092,116557,114810,118048,126052,127559,127151,135611,139918,138996,142988,150972,160938,161180,162863,171133,171340,174194,175575,180405,184439,187335,192344,194558,201041,207639,206028,206117,212318,218921,227834,227788,230470,227596,228284,238223,241491,242402,239835,243277,246388,244433,247592,247540,255096,252777,260607,258272,259973,262119,267208,274287,274806,281157
7280,14103,14964,16147,23364,23333,33327,35424,38296,36637,38921,45204,51375,54099,62159,63161,69332,68719,76403,77060,86513,92059,86744,93587,98526,102846,104574,113832,107042,112901,118430,118734,122089,125986,133629,137886,145375,154047,158403,154664,156612,163504,170919,170471,174143,176883,177504,179240,183285,192817,200518,201697,202908,204530,207706,212230,218738,218161,223799,223594,224789,230252,233783,234937,233956,236318,239754,241192,244191,245185,246035,250166,252782,254331,257796,263742,264432,273705,280659,288650
9517,7471,10720,13316,21052,23194,24516,25484,32834,34448,34916,38262,41527,48749,54835,56496,61813,64395,72354,77039,79846,82763,83800,89498,91027,94999,103715,104151,103136,106548,115169,115912,123913,128647,125905,133649,141741,145412,154353,150681,156339,163438,166219,166318,168250,172693,177449,182101,190725,189657,197512,198026,202460,206172,209675,207806,209421,210361,218361,216950,217846,227263,232328,232116,232609,230360,237542,246970,245533,254205,253634,251558,259862,256401,265539,270957,266440,276377,277483,284593
7444,7072,16760,13948,15519,22339,31082,29822,30159,33525,36598,38544,46763,46867,51077,58063,58312,63373,72066,80026,84151,83611,92468,91421,96724,97725,102176,101517,99835,106353,113047,117392,121119,129075,125017,128971,137623,142047,151434,149194,157552,159696,165000,170194,176900,180649,178156,179259,181397,188076,190061,193714,196484,198917,203195,203810,206673,208388,208630,212420,215056,222054,225142,226813,229052,230009,235420,240015,246297,249178,259152,253959,254834,262408,265395,269982,269587,276353,286238,287558
3287,6303,9922,16740,24592,26557,31980,30379,33059,35074,43185,42417,43731,47920,49766,54165,61206,68789,71216,74080,77605,82607,84676,85424,87372,93387,96071,96509,97279,105646,107309,115196,122955,124840,124997,132767,137287,142165,146022,147159,150684,153734,160010,165579,173228,172367,176900,184743,181035,185497,192302,193894,200603,202517,209748,206198,211838,217484,209588,212646,213230,219129,227279,227994,237610,231107,239269,246088,254259,250697,251837,259502,263635,265040,266339,275531,270294,280249,280486,287800
1772,4735,12313,15854,18949,20437,27463,30097,36112,39707,44077,45179,45381,47555,48464,56622,59544,68011,72209,76489,85581,91463,93511,90881,90162,98736,105813,101563,106826,109802,115249,123322,130117,132180,133837,139341,140834,142311,145325,152123,157818,154169,163653,173512,171459,171463,172965,177098,178836,179849,184674,184819,191162,200863,205138,212382,217701,224395,217756,216113,216464,222782,224569,230160,230579,237172,245146,253632,263493,257078,258595,258789,261850,266165,269028,273693,274083,276284,277776,282192
126,9053,15661,21343,27935,27304,29019,35095,38254,39042,42182,46926,46211,55464,54276,59297,66913,72995,70516,80106,81207,90219,100040,99013,98019,102105,103174,109054,109814,111381,113823,118144,120293,127935,134043,134293,140379,143546,142428,151956,158492,156854,158074,167270,168428,173724,174542,176272,181068,178042,184157,184356,190682,192865,196632,202560,208146,215707,216370,224762,226152,223731,229644,238804,232449,238213,248100,252577,259280,258491,263486,264283,268981,268357,277326,280831,278080,284981,278422,279450
8074,9805,18050,18674,23275,31981,28791,37682,36473,39025,47233,55378,49165,52289,55758,60004,63356,64461,68970,77647,87548,91964,100155,102242,103644,109225,106126,115007,117507,112211,116791,125019,129752,136546,138542,135472,140460,141854,142404,144740,150829,157701,157970,165183,167031,167948,174620,174931,175587,177065,183601,186766,191509,196499,197675,203886,211093,216377,226100,226341,226069,228717,233659,242304,236147,245576,247015,249190,255739,258797,265310,265857,272845,276690,280096,284808,283511,290651,285507,285857
7845,12495,12331,18991,19281,25229,28636,30224,36164,39512,45378,50399,53791,56268,59054,66643,68210,66459,72086,76012,84358,90870,99108,92959,100029,104776,108958,111816,114582,116817,123060,127167,136149,144717,147595,139716,145320,141956,144712,145439,151326,153892,161814,161858,167844,168465,169667,170041,177029,181159,184786,191530,200952,201067,199073,207752,208149,212077,221236,221603,224520,230647,236435,239739,244276,245187,247856,249319,259068,259061,263539,272479,269675,276984,279446,279563,284255,291979,285732,288044
4164,7801,9801,10742,19645,19684,23127,30299,31330,35017,39918,48000,52945,57460,64664,73974,77559,75994,82026,76230,78018,87263,89500,91041,96711,103249,109296,114849,124389,124918,124985,133699,134144,142476,149785,146546,151106,147692,152018,148149,151183,153021,160990,167308,175220,171049,171747,177478,183734,183413,190841,191661,192443,202304,206669,210351,211780,219843,225083,228269,224914,229479,237344,242239,252129,251215,253973,254043,263199,263534,268086,268096,268566,274757,279684,284950,285139,288285,287710,290710
4258,11138,11497,14324,20117,24607,25246,26401,35457,44715,46521,47406,49586,59513,69018,72989,78637,70912,72164,77098,85174,94236,96241,97204,104110,107811,110148,115748,118667,127679,133444,134752,140216,141441,150747,155364,156992,154935,159383,156941,157190,162277,167689,174479,178709,178051,180467,185317,188267,185084,185562,193336,194050,196367,201804,206509,214395,219155,225915,233186,227995,230992,234080,241755,247963,251064,257885,260883,255853,265486,268985,267494,275289,275745,277836,285024,290629,296429,294468,295939
7854,13097,20652,17880,26692,31654,27448,27942,33935,38535,43295,43638,44072,51983,59409,66823,72071,66376,67179,75139,82702,87610,93895,100186,100922,104311,113650,115760,124461,131779,133855,137501,138093,141158,148740,151332,160087,161003,167980,158923,162972,164171,167071,173307,177346,183915,183504,189341,195965,185784,193377,195827,201322,202245,204887,211665,218304,221893,226903,235216,230576,237193,239949,248351,254771,254015,253542,258737,255731,257921,264085,265427,266743,271196,278936,283090,286049,287830,289312,297568
7178,9224,13643,14387,22699,28055,34303,36781,34254,37216,42878,42925,49232,57894,57962,62775,63342,66054,75985,75812,77275,85367,89321,94254,100910,101002,106848,111628,117884,124245,128568,138553,139324,141499,148677,151711,161455,163383,172548,166710,167321,173489,174931,182951,186287,190395,192947,197529,200342,185945,192924,195276,200904,207895,206085,214152,220019,226639,230417,238843,233570,236692,239816,246151,250069,258966,251221,260887,255234,256322,257898,266833,273998,271670,279836,284471,291072,289019,292603,296445
6957,10068,10094,17624,24767,26062,27806,33863,36872,38726,46824,48330,50564,55438,64885,65395,72645,66081,73491,74134,74174,77140,82788,90384,99021,103259,106402,110081,117268,117958,127938,135023,142737,150872,149397,154955,160630,157228,164109,160367,161485,165087,170458,176487,179526,183959,188814,192965,194414,189321,197330,202516,207931,212497,209032,218113,222047,230471,233949,236234,233883,236588,240854,244086,246350,253111,248566,251217,254600,262370,264628,272484,278979,281349,276444,277054,281525,286133,287043,293284
4417,11173,11107,19904,20562,29371,32838,41541,44413,39572,42929,45849,55666,57183,67163,72988,77312,69168,69947,73165,79398,82708,87004,89293,91947,99845,104866,114327,119920,126172,135345,134377,136648,144628,143765,147429,153923,153277,154375,156151,159339,168653,170373,176896,179829,180450,189135,194618,202657,195484,198928,208467,210402,210557,213024,215852,218002,224073,224597,227492,232960,241023,242064,245412,254483,257973,248203,257220,258598,263465,268590,266591,271639,273283,274286,284151,290857,288278,288987,291200
9284,13087,16027,17954,24660,29004,36387,37707,47597,41582,46810,47073,50231,57198,65778,74768,80547,74381,70023,78329,80360,85340,90979,98812,99131,104326,106626,109885,117962,126567,127078,130174,139798,139012,140782,141477,143931,144878,150907,154381,164319,167846,173542,178302,186026,188188,185447,191889,193671,200516,202653,206784,206082,213677,215524,220339,221662,230792,233177,234508,241191,245414,249928,247779,251848,254912,247720,253874,254501,257279,258775,262981,269337,277771,282777,285818,294049,291468,294562,292215
3787,11359,12475,19278,22452,29296,30958,32921,40422,43432,49978,48523,57380,57936,62598,68272,71664,69652,77491,86109,80646,83294,88636,90930,94135,98681,98857,107562,111303,117437,125761,131295,134413,135194,142226,144095,153373,150417,156001,159200,165074,170881,179470,179856,180826,180841,182599,186385,187904,194145,194330,202728,203223,206593,215726,218777,223326,231304,231947,236570,237468,246773,241559,244335,251521,250891,247164,251107,254431,260922,263708,263134,272872,277495,278407,282002,289773,297712,295781,296620
2650,6533,10687,16496,16811,24567,28997,28110,31887,33518,39979,47209,53226,58977,59115,59703,64985,67427,76537,85572,86995,85809,87379,93501,97693,101867,102387,104320,108506,112926,117535,123274,127409,129989,136297,137458,146267,154886,153826,155830,160689,167305,171493,172985,171810,179858,182186,188958,196371,201816,203398,204954,210802,213015,220071,224365,219358,221630,224636,226832,234152,237390,238901,242003,242040,243333,246545,251312,256353,265126,266161,267448,273622,280901,285461,284837,291890,298338,296571,303211
3101,4158,11215,15041,21118,22143,25098,26322,27436,34165,40067,44765,50631,54385,63808,59893,64310,70996,72422,79363,87434,86838,91823,100833,103815,108464,104009,105583,109096,110780,117866,123371,126615,127026,136664,140814,141721,150856,151030,152011,153718,159077,167858,175243,170901,180032,184005,191164,192504,199459,206973,211013,213986,217864,213526,216323,216062,220055,224508,232528,236232,236337,235411,244090,245001,246880,249919,253429,254558,258126,260367,262992,272130,278104,286310,292336,291228,289250,297950,300944
4865,13854,19114,23279,19624,21995,30194,25357,29858,37138,38662,40766,44392,47182,56614,58089,64401,72678,72107,74325,80131,86336,95088,95709,103180,109566,104748,113510,117419,118900,123035,129677,135673,130396,139956,146217,150306,148872,150201,158488,154776,159047,160206,165492,170896,177821,186427,195631,199865,201874,202434,203020,207022,209666,211593,214417,215185,219594,222536,225881,226883,227691,232632,238899,246878,252018,258562,260982,263996,265446,265305,265658,270267,273045,281203,284667,283550,287417,289283,296464
171,3942,11076,20003,18842,18900,22226,24230,27319,35172,36550,38279,43056,45762,55340,56700,62393,65429,67280,74528,76931,79204,87740,94241,103457,104070,113741,114718,118609,119109,119882,120599,129402,129562,130676,138230,144540,140341,144854,149176,157675,162208,162815,167041,175751,182378,183022,192688,198948,203818,208178,210405,213564,215869,219296,220547,224129,225183,224798,231601,233264,235105,239520,244022,251342,258999,265832,266330,264318,273293,272355,270747,271328,273588,276787,277937,279802,285188,294887,301388
3744,12198,14306,16868,14064,15987,19988,26852,34706,40225,39041,44336,51850,55407,57116,62414,72179,74710,74818,81444,80146,79599,82100,91718,96553,104543,110043,107587,110890,112684,120993,127775,129981,130929,132514,132750,137343,139588,148581,152598,152608,160823,167744,172247,176270,182202,189199,197000,197262,204902,208009,216284,212355,220177,216216,219439,223325,220855,228067,234041,233827,242489,247317,251026,251537,249607,256771,259550,266180,273952,272889,273157,280799,275079,277196,281758,280932,290018,294135,300833
2810,5090,7421,8591,13145,17216,25603,26818,29092,38940,45678,45940,53221,62026,57555,58853,67171,75005,84244,90047,86238,87543,83409,92237,92540,95697,100335,104774,113949,114605,119300,127016,128312,129327,131099,137012,138139,140091,142041,150946,155010,164900,162895,172181,180126,184067,188927,193840,197545,204091,209278,210904,207417,216363,213791,220902,222366,218750,219367,224515,231739,238987,239283,245452,245827,247483,255476,255976,259693,263972,268647,270256,273573,273615,279816,282916,284076,284239,293769,298300
7096,11160,8430,13418,16683,22484,29633,29881,31416,34328,42239,49241,53579,61459,60036,66221,69737,71753,79309,81502,82890,86755,91534,96171,96636,103811,101085,104229,106167,113169,122512,125426,126818,131038,134493,141462,147786,141412,150460,152456,154096,160722,162510,162824,172402,179032,181845,188471,193452,203360,206124,205267,205376,208719,212033,215336,215800,217723,218318,228119,229647,238013,246097,254826,246868,255675,259671,253160,262591,264752,265879,272331,275404,282693,289056,288215,286085,290549,293403,302658
8830,11975,11390,21005,24903,28545,31997,32799,37897,43606,44536,47921,54486,61552,67352,71903,69844,77490,81956,81570,83522,93125,100149,96173,103364,100731,107564,106789,106860,116593,120761,121331,130458,139995,136418,144705,150213,145709,154161,161251,160309,168303,164930,167032,167556,173471,182073,190403,193054,201601,199100,200912,202175,205198,208169,215691,215752,221490,219446,221565,226256,235967,242720,247724,253564,252283,250586,251268,255394,256435,256863,263110,266830,272712,280238,282820,287147,294872,296906,299537
2738,12061,12111,19545,20998,27292,30249,34035,39757,44488,53173,52307,55373,64430,71290,71789,75159,78204,83398,86668,85488,94592,95533,96119,99185,99940,104117,112936,113900,118962,121738,125228,129656,137444,139907,142963,145426,152750,153575,160886,164069,170133,171000,176704,172438,173022,174387,184126,193457,194356,192944,200833,195904,197207,198762,205887,214199,214624,223560,224798,232522,234002,234405,241845,243629,245383,250104,251673,252325,256218,260792,266484,276214,277525,287369,291111,296346,301973,299385,308299
6044,8972,18304,21595,29586,27739,31569,32241,35764,38469,46834,52970,58412,67461,64722,73297,77294,86325,85398,79557,82351,91165,96932,99831,106881,100018,106588,107144,112227,113653,118155,121491,131009,133301,135186,135714,138867,148215,157546,163642,162534,167941,171979,173135,177297,173853,174368,176980,186727,188573,190320,194266,194300,199200,201758,210029,211509,221179,220812,227589,229183,235550,240664,248980,247444,247072,253912,261110,256686,257040,266659,269549,269632,275976,283462,288143,293228,297657,295994,300858
8478,13255,18554,18267,25743,30706,34652,31065,35041,36446,41573,48842,56635,61373,59196,68364,68425,77353,78118,78851,80127,87804,94062,95590,105148,103347,103649,112550,113649,121926,124495,122136,131261,137404,136451,131974,140115,141931,151566,155591,159775,162868,162951,165295,168042,177394,182334,178186,179312,181138,181356,189295,192252,194981,195791,204543,209790,213964,218002,226886,234785,244352,240965,246230,251982,254596,258293,259962,259792,265310,271538,275922,270386,272933,277173,279486,285000,288022,289062,298800
2265,10457,12220,13589,22058,29660,27917,27969,29181,35871,41128,50046,53404,58591,58969,63008,65429,73984,82168,88428,81559,88698,96776,101042,110670,110926,107810,115300,118808,127367,125506,122217,122695,128535,130499,131833,138708,147378,157278,156330,157844,166536,163473,172789,174997,176342,184474,180463,182505,190911,185279,189456,191225,192461,199208,205783,210657,216660,223069,231256,232001,240777,250217,253773,261807,257178,264559,268109,267028,270495,278059,282047,270604,278595,283567,279877,287536,294992,294190,299484
2132,11124,19284,19371,19267,20871,23081,27945,28497,34128,41674,46390,46681,52272,60164,66547,69799,76030,80609,82730,90174,89843,99234,100642,101306,103706,113143,115597,123493,130960,128434,130617,125994,130019,137477,136536,143742,150100,150892,157092,157387,161662,165798,173188,179172,180844,188773,185548,190681,194462,185398,188966,189042,198405,205348,207596,216673,226391,229282,235099,238730,242920,246012,252922,253681,256363,264743,265997,275601,273506,282797,287376,280057,288341,286306,286399,290164,295798,295303,301092
5304,10803,11367,14168,14847,17500,19283,22891,30250,38047,41331,42127,45349,45786,52971,59106,67677,70455,77943,83689,84367,90507,91368,99118,99921,109780,119698,118022,121756,124454,133459,135481,135812,136762,139237,136668,146154,149979,155451,156370,156662,161073,168286,175985,182420,189863,195542,186936,187738,189862,186743,195236,198529,206963,212409,216373,225206,227633,229871,235280,240237,248740,249183,256805,259460,262508,264925,270798,276361,279199,288773,296867,281994,289378,290869,293241,295596,298347,298709,306690
