4445,7142,11994,12712,14921,17133,17787,22135,25214,32035,39703,42979,51853,56043,59828,62580,72053,79870,87844,78308,85646,89080,93821,97021,101189,106666,103033,103814,106164,106855,110369,116249,119394,127027,134226,138009,143075,150562,152571,153655,162640,157458,158330,166939,174990,171266,180802,186552,191583,196060,195625,196478,195570,205291,208288,209047,209411,218236,218759,221773,223886,231008,238058,244833,246474,249232,243541,247080,247428,255417,258152,268014,262480,270569,276109,285571,283340,286098,289846,295716
5541,5561,6879,14465,19632,19775,19230,24971,32592,39065,44591,47223,49571,54212,64039,64210,71128,74970,78707,77549,79308,85839,82803,88800,92771,94327,90784,96932,100219,102093,110074,118498,126170,132325,138661,137120,135805,140813,144864,149590,151930,152276,154127,160590,162707,165710,169117,177328,177445,182267,183584,186439,190873,196798,202385,200003,201178,205351,206041,215019,222489,222590,226389,235113,234180,244029,235976,239296,246364,255997,255987,261124,254871,261454,263362,273345,273826,278013,287366,296743
15148,12946,7400,13484,14848,23831,26853,26556,33491,42042,41618,48789,53080,56914,59678,61762,64431,69087,78430,77249,72192,81520,80709,81845,87694,86177,88437,93555,100059,101898,111125,112384,121835,116512,123608,122147,126471,134986,140657,132539,137854,145425,147581,151906,153309,151396,157834,161649,170862,173142,177690,173806,179348,186255,187712,188871,194691,203766,208393,207347,216595,214963,219070,226008,224339,228979,229026,232663,232972,240316,247271,247617,247995,257039,265674,273140,278176,287528,293751,302981
22354,16060,15160,14578,20728,25910,33268,33943,37988,38943,39044,40522,48299,55265,62275,68802,67334,65937,69433,69540,69989,78260,72442,75390,81575,82359,88296,96297,102401,108762,106855,110497,111207,113597,114172,114887,117976,124940,129157,129349,135298,142304,143019,146347,147499,147565,155609,159573,161308,161454,166272,171728,178179,179673,178891,183672,190471,191073,192577,198822,205372,206789,208132,210495,214280,219728,224273,233644,238392,243460,248073,252499,252236,257279,265152,273194,281628,285567,294823,297010
25974,23761,15737,24575,28105,33592,34582,35101,41383,45253,40940,43031,48467,50199,59679,60385,60881,60982,67214,74589,69895,72201,72311,79083,82516,85237,93377,99310,106051,100217,102427,109759,115931,118264,121505,118931,120267,122057,124503,131893,140591,146314,146697,153451,149324,149605,149745,153727,158632,162792,164992,170033,172545,174033,176301,177476,185064,193385,200655,206134,206349,211606,216597,215563,217733,220829,222480,230386,230639,239889,245910,254701,260345,263930,267342,267687,272465,277617,282282,289787
27048,29199,24745,27254,32651,38080,37234,38504,39274,48462,45188,45524,49885,58212,67799,61092,70406,66895,65461,67360,67688,70564,74168,74841,83417,89447,95980,94832,97363,98818,104091,110678,109849,111598,114821,115425,125350,128998,127326,136093,143132,146422,149636,151423,157228,153026,156882,163287,167083,165461,174211,176365,174121,179510,183056,185824,189228,193535,196519,200531,207160,208204,211078,217619,222561,221732,223136,232261,235799,244635,248980,251561,252021,260459,261997,267504,268172,271524,274202,281144
31343,30375,30341,28775,31836,41704,44271,45633,48207,54866,51135,50587,53538,62985,70852,63771,64538,65252,65368,73926,67851,71778,80557,74999,80092,82539,88321,92288,94004,94935,102707,110871,106784,116028,118716,123201,126627,135489,133340,135670,142617,144394,147506,152098,154767,154932,160884,161198,165800,174455,180130,185579,178116,183142,190744,192633,194231,196663,199028,206505,204233,213204,213545,222084,222657,226421,229479,231019,234011,239281,244528,253788,254290,261764,262806,269968,273378,272756,277312,282069
31853,33931,35558,30181,35902,40848,43483,51330,52458,60751,59416,56938,58450,58737,61607,64987,68486,70574,69208,73946,77414,73684,79982,78233,87192,84101,90398,99233,101865,95174,101792,103114,105667,107880,112933,118379,122781,129281,134463,143048,149517,150150,154484,145827,151013,158167,164165,169195,173881,182486,179374,182387,180737,182318,183050,192614,193696,195549,200991,202333,202853,204590,208293,213614,218407,221183,222691,224338,233439,235938,242829,247165,254177,257506,260718,262160,272153,276141,281071,288777
41297,37332,41449,39897,37130,44237,43592,47155,49855,56016,61055,61930,60692,67278,68979,67054,68348,71406,70514,70834,79715,79440,87970,78644,87294,92925,95893,104175,105571,97174,98402,106219,107766,114239,116504,122498,126945,128244,134235,134778,142652,144949,144823,144924,147017,150480,159669,166541,172659,173531,174539,176318,179123,188207,187098,189221,195098,195153,198228,199965,209424,209125,214746,217258,217366,223348,227128,229551,230891,237858,247801,252980,252219,260293,262131,269110,278242,284106,276831,281879
44624,41362,48539,46233,47063,49533,46213,50998,52610,57442,59954,62072,62936,67343,69513,67553,75085,81148,75565,78521,79491,86364,86865,83338,88483,89789,91954,97894,100319,106084,101915,103824,110807,111153,117530,121834,131164,135447,140840,138487,141833,142803,143172,152909,152828,154907,164846,168539,176975,179097,176516,180046,181522,185507,193810,191713,197079,204955,207421,207261,208294,213354,222498,220024,218517,226146,231315,235546,230949,238568,246133,250341,249773,256052,259261,264169,273393,273014,274339,282879
49509,42627,44402,48050,51753,50492,52050,55518,58004,58820,68305,63432,66954,67532,76706,70485,80375,79377,75681,77404,78582,87937,91995,84932,86850,95424,99548,105836,101866,108032,109803,104178,111110,115761,116771,124530,131435,132096,139785,144579,151125,146648,152777,161220,153271,161546,166709,173768,180642,185453,184295,181844,183276,188501,195162,192893,200917,206583,206671,215824,210134,213642,214835,219280,221165,224703,230946,235562,238135,241690,242891,245411,246533,251548,257661,265620,267303,264078,272751,275193
53388,46050,49125,54583,52601,58533,59971,63795,62098,64188,71440,72284,76120,69782,72583,76610,84703,85115,79719,87212,85941,95435,92596,94048,91796,94498,100071,102992,111728,109319,107857,106588,110759,113468,120976,127217,134739,132711,135118,143318,147507,152140,157789,163214,155861,161064,165338,166048,173377,182440,183396,190215,186998,191251,196036,194087,198915,203632,208180,209120,210103,212678,217189,220127,221954,223981,226681,227917,228758,234518,236198,242458,244831,248682,250523,255491,256663,261842,269017,272526
51797,47377,50937,53313,58861,61521,69508,67859,66927,73060,81038,75512,77304,76900,82545,85946,89071,94304,86576,88405,95804,96864,99899,101742,94503,102755,102462,104471,108446,113439,110925,116423,114186,113809,122221,124355,128389,136900,141539,144580,153592,155123,162412,157316,157216,165120,174306,172968,178824,180832,187377,195708,190653,195664,196503,202128,208170,210156,212042,217908,210165,217620,220702,225130,230367,227899,228757,235877,234866,238156,243197,245894,246272,251130,254704,256570,265301,269587,272761,273526
52153,55673,59262,54371,55648,60391,64241,66629,72708,79170,81985,81132,85799,82278,82353,86677,90118,97559,87689,87854,89398,90577,93411,93973,100149,102462,109298,113310,111432,120886,116124,123001,116113,119675,128435,124675,126467,134763,142661,148782,156023,161009,166208,160131,165552,166696,171010,174119,176691,182702,184788,193849,200056,198123,201557,211288,215451,213315,213861,215195,213346,219190,224304,234202,235001,230430,233169,239599,239128,246638,247743,250449,253076,253737,263158,257256,265905,273693,273866,277529
62023,55825,57383,59334,64398,65145,70762,72885,81526,84378,87676,90791,94176,92003,87403,92020,92657,95634,89533,97554,97148,98691,98768,96974,105804,106900,107099,116644,119928,118245,118202,118529,125510,119781,125871,132856,135113,141177,148676,154054,153770,160043,163099,164262,171901,170609,177180,182653,186394,187093,192406,192851,194171,194176,196070,202841,210224,215382,212218,221924,220285,227127,233030,241807,238183,234115,235416,244445,247282,248376,257727,253075,262513,257904,264255,262316,262345,263563,264802,269587
61230,61038,65680,68308,68430,72111,76479,74064,80587,85266,94779,92272,95313,97358,96706,101174,94046,102748,96122,103940,103484,102230,104306,100068,106714,113416,113365,116124,120732,122697,118819,127935,133574,126160,126315,131917,136867,138677,147068,148604,148920,157634,158085,163267,169130,174240,179612,184566,186544,189515,195155,197714,196426,198806,201793,203961,204499,206191,207510,215050,214581,221011,227277,232162,232704,238406,236036,236677,239813,247163,248641,251796,254616,263725,269986,263438,266815,263577,272070,271682
62276,65339,71421,68782,73404,79933,78581,79225,84397,91343,99417,101988,101899,107320,106455,101278,96263,97258,101510,105912,111136,108629,107956,101417,109518,112471,113799,123411,128654,121929,119050,124937,127592,126668,130672,135636,139190,144607,150843,155988,153534,153814,156907,166507,168617,176480,179111,184596,187948,187901,189212,196410,203971,200574,205713,205392,204720,204950,207890,208858,214141,220658,222804,224450,225319,234721,241789,245322,246871,248636,258326,255948,257542,267046,269985,270942,272889,266521,272991,279541
66935,66075,71026,78126,75331,81602,87418,87936,87638,94217,101877,105014,107515,111063,111761,105960,106011,106054,102289,104122,108671,114356,106218,102192,106362,108794,112968,116709,124249,129900,121883,125910,126306,127117,129988,131138,140947,143666,152865,161369,154758,154354,156405,159924,167906,175273,177662,177970,181328,187833,189883,194719,199809,207673,206518,207958,207129,211826,211251,217480,219713,225608,226084,224891,232784,240889,242523,245452,245726,249652,257438,262071,265775,275696,272659,276282,269439,266724,271309,275146
72172,66413,73857,81825,83073,85357,86948,91787,89343,89993,97054,99515,108745,118136,117746,108373,107224,106485,110090,109116,111051,113754,112379,109070,114693,111332,117425,117984,123049,128111,124722,125304,126318,134427,133513,132682,134251,142873,150817,153722,159842,155918,157757,163327,170906,172224,174901,180158,184576,190177,197071,202375,203091,204955,210841,214041,212709,218028,220120,219116,227023,230367,235166,230745,233930,241561,248415,251324,251358,254932,256363,258440,268157,275588,276915,284543,279119,271211,275963,279432
69412,67841,76440,77670,85442,89578,95471,100836,93385,98719,104621,106251,115284,117388,118219,113340,113558,113201,114084,110385,119380,120293,115989,116737,121253,117397,118271,118832,123429,125140,131883,130115,133052,138775,139869,138708,143434,145459,151095,152187,159966,163841,166504,170214,177719,182133,176693,179926,184452,187628,189136,197179,197899,203111,209157,214145,213418,218695,226951,222758,224149,229952,231420,232890,236860,243161,250928,253287,259845,264703,265148,265960,266816,268421,277393,279787,275858,272202,273585,279548
71234,72665,78622,84181,94049,93691,93992,103345,99613,101600,104566,111522,120646,126962,124174,114941,120898,114174,120321,110925,115672,124262,125524,120387,127720,124980,123077,122425,125163,133297,137098,138587,135336,144809,143775,145690,148939,151512,159031,158261,165440,170529,168068,169171,176031,181870,178715,187205,185362,192913,196941,197822,204846,204966,214414,218935,214692,218364,221174,221948,229571,233794,236270,238961,246835,248096,250011,259782,266472,268549,265665,266128,273752,272932,273546,279940,279519,279611,274980,283107
79972,76515,86070,87876,92259,94637,94079,100335,106353,109282,114112,115777,121882,122865,120865,119014,127971,123196,122661,116114,118159,118462,128064,128220,129348,129143,129755,125569,133752,140393,146011,144410,140226,147905,144987,154281,154823,154484,157496,160855,168649,175222,169647,173521,180767,185068,186494,194284,188656,198203,199748,201371,203329,211566,215686,214041,217291,220747,227065,223611,224319,232033,238176,245066,248494,254949,259345,267337,267063,273512,275451,267540,276040,273654,279014,280385,279627,283550,279179,281714
87019,80838,82772,87935,92101,92562,96106,98873,105427,105630,111728,113993,123071,124940,125509,125655,134067,125885,116702,116215,123781,124084,126059,131785,132268,134517,137534,131200,134953,138678,141350,144971,144506,145668,150799,151144,159317,164269,159021,159976,165579,167794,170374,175635,178400,181311,187290,187679,191586,194070,195302,201235,204223,207527,208665,210281,215395,224594,229666,231053,231564,238036,242796,249155,257547,262825,261909,271313,270106,279132,273175,270914,275374,280960,281340,281351,280455,283729,280891,284337
89378,85403,90903,93735,96671,94868,103706,103265,112412,105641,109552,116670,126315,129934,127537,131717,132559,126903,125454,118873,126709,125078,132394,137121,139453,137806,139432,140889,137284,143021,144753,143272,145951,148909,156657,151160,153884,159325,165661,169344,174660,173412,171232,176201,176218,178321,184356,192399,199061,196251,196241,196656,198273,206773,215026,212436,220279,228253,236112,232799,237900,241093,243710,252446,256525,259639,266070,267158,275166,273675,276233,272771,281750,284795,283815,282661,287877,284339,289236,291952
98626,90800,96486,96723,100117,99227,105861,112406,112903,114817,116325,123773,125680,134134,128242,128724,126865,124624,122998,121614,125263,130440,139231,144086,140867,140281,144757,144659,138208,141536,142058,142148,146961,156698,161408,151851,154239,155622,159643,161252,170458,175165,176432,183308,184322,182654,192514,197412,197917,203210,204768,198533,202818,210590,216858,213057,217972,227321,233291,232789,242372,240043,244170,244950,253181,252953,259063,257905,265408,267791,269768,274638,281765,283617,291246,283698,287690,287981,288997,293300
96031,90938,95577,102186,101263,104792,104887,112408,121485,117089,117299,121687,124152,126604,127326,132324,130432,126966,123919,124350,132205,130613,132678,136916,137964,137969,144816,154207,146840,150730,148000,146925,154835,161300,164061,159104,156755,157177,159010,162194,171647,177430,183329,188390,192951,187531,189402,197457,196331,203970,200533,206234,205326,212890,218735,218080,220276,225672,228865,231820,232908,236709,242912,244660,248397,249673,249686,253806,261521,270073,270341,273262,273368,280876,281180,282460,289600,290548,298132,298566
101782,95545,103072,110832,101785,109156,109770,112310,118177,123455,122600,123257,123678,123954,127315,127842,134479,131181,126320,131872,137680,139984,137976,138961,143060,143416,151171,153027,153900,159259,152078,148868,150565,152329,157782,164800,157715,159582,159749,161849,167649,168377,178114,180319,186012,186131,194279,193617,191187,198727,198733,206506,211183,218006,216927,222796,228762,225511,231327,240953,240359,242288,250548,248057,253379,256593,251565,253692,256576,262054,267031,276047,279533,285825,284242,288131,294099,290626,295245,300008
111687,102672,112062,113893,108708,112429,118934,122015,122518,123549,123646,128384,131054,130482,130563,132783,133961,137573,129684,134170,139528,148930,147134,147561,144085,144290,146129,147912,148221,157251,151556,149713,158111,153762,160880,160950,165786,162459,163653,170715,174371,172676,172686,174615,180512,184700,185300,187189,190514,192999,199472,203946,210101,211668,216514,220362,222281,224564,227193,231545,239320,240421,242635,252620,252835,261105,261315,256432,264793,269157,272961,281625,289223,294127,293509,288475,290552,291924,293804,303354
117014,111189,118958,116298,116912,113489,117092,124117,122996,131330,125643,129335,136768,139583,137857,140281,143376,138986,133534,137042,143899,153112,153941,151973,151395,145144,150528,148598,153199,154091,160207,152954,155697,157563,161376,169538,172487,166875,170643,177133,177568,179514,179189,174729,183072,188916,193946,195883,190579,191370,197349,200036,202657,204676,212773,214196,217840,227604,232114,234811,238473,244034,245111,253382,260973,265319,261203,259772,261770,271644,275554,282006,284340,286071,288782,292406,300119,296067,301637,310524
119511,113288,115988,116577,121293,121822,118454,123461,125749,128597,130084,137732,143960,147774,142773,150236,148432,142356,139930,144013,147055,147303,151214,153702,152532,147602,154785,154053,153369,160178,162761,156344,157653,164751,161953,169479,170046,167843,176007,176486,185185,187429,179696,181122,185754,187351,194885,194801,191197,194477,200538,209829,211895,213023,213341,222986,219910,225108,231590,236590,242789,244811,246201,253714,255037,258909,265079,263584,265916,268652,268719,271870,277418,280199,289878,297442,302485,304654,303530,308061
122804,116978,122712,118698,128006,128808,126560,130120,127891,129533,136703,139580,145337,151831,150799,156807,156819,152317,145973,153771,156662,153753,159845,162036,159891,152858,161381,156278,160856,162155,171710,164392,163416,165830,166901,171166,172473,176821,184095,185327,194393,195107,185506,190520,194620,196489,199061,200676,198409,197749,204508,210186,216025,216489,218763,220106,228107,228262,231862,232549,233577,238156,240240,249707,254199,261461,268757,269969,273573,275786,270796,272301,279633,286523,295487,294002,301605,308963,309503,308800
120452,118591,123470,120582,127916,128882,128560,136049,130014,133820,135292,138555,143281,152484,151839,155942,158427,152352,146303,155556,159618,158021,159656,164715,154755,154178,157373,165906,161886,165978,170957,170866,169809,168629,173868,179853,180197,184213,194022,187412,190612,197078,194208,190785,198431,205022,205223,206537,202983,204336,204948,207672,208376,211567,219890,229413,231109,228966,234030,236509,241786,240183,242941,251334,253456,258097,265567,263168,267325,274339,271564,272007,277497,285003,286855,288860,297710,300036,303096,307258
124504,125278,128175,127842,134487,135597,132266,137770,138686,136673,136428,144615,151484,155500,152710,154519,155885,157304,155597,160895,166490,160666,165739,165685,157811,159396,164858,173654,169287,169326,171429,171292,178381,172792,181963,183029,181145,188799,198143,190629,192262,197842,201378,193407,193483,196357,197237,199271,209200,205882,207607,213418,212130,218663,226099,235793,241069,236381,236194,237147,239507,243701,245338,246385,248581,255408,255983,256767,259442,268263,273474,279245,283493,290192,287701,290862,292486,293898,298247,302627
129133,127512,133752,135974,142079,138778,138655,138984,138849,138583,138879,147663,150453,151580,158512,155966,164871,159796,161073,161292,162181,163693,171334,168670,163587,163418,163603,166967,172668,171768,174269,175452,184977,177620,184222,185643,188592,192303,196808,198374,200296,204356,200919,196012,201236,203315,204507,206207,209213,214850,208046,210372,215024,218109,221534,231397,236446,241742,244882,237444,245024,252478,253254,253072,257264,262549,256289,265858,261826,263326,266672,271273,278602,285715,285304,283022,289336,293837,298811,301640
137449,131584,133609,140493,143520,140586,144369,146608,146729,147111,143084,151770,158040,154810,155949,163222,169385,166782,164987,170601,163645,173004,175808,172894,165799,170720,166186,175648,180200,178335,175875,179888,188869,183232,190028,190028,193668,194310,200382,202052,208627,205694,204218,204857,206019,211928,208578,207439,213467,214212,212036,212520,216268,216371,225824,226362,233107,242217,241495,240569,241042,247012,255740,260144,266326,259010,257606,262745,271688,269822,272734,274611,275075,276675,279207,280295,288527,296266,304540,305513
134448,132107,139203,147600,151821,147127,154213,146852,151722,149391,150773,154798,158994,160332,163853,169270,171893,176040,167136,176597,170093,178180,182056,174811,174139,177847,174652,180377,187196,181756,181188,180400,189564,193069,199822,198397,197853,195798,203008,203576,204592,209212,213653,207335,213784,217310,209275,214116,217191,221200,217889,220182,220163,225964,227009,231089,237114,242848,249160,243639,241180,249649,256397,262856,262288,266945,266252,265123,265585,273340,275849,284301,283952,280621,281935,289088,288771,295094,303760,308031
140878,134513,143507,143563,144830,148656,158099,153931,159301,154623,157464,158233,164951,166030,167997,175025,170572,169980,167353,168087,174281,182437,183987,174869,176779,184848,178779,182064,182758,184953,184565,184543,189345,192669,200803,205350,205478,199396,202980,207269,211657,212646,214752,214467,219586,225230,218335,221647,220512,220681,218956,222707,220607,226110,232895,239026,243479,247651,247849,249905,249357,250827,257217,258823,261727,269282,276086,273790,267618,269341,274508,276174,284720,288773,282408,286883,293334,301281,303534,306413
140365,137555,145314,145304,147105,149714,157390,162571,160698,156581,164081,166281,166708,169984,177267,176996,175368,170925,168013,173524,177077,178089,183846,179394,182863,190061,187131,187839,190484,193544,192275,194132,192467,196859,203715,208071,202693,201681,205037,212519,221613,219994,217351,223411,220081,223543,221913,222198,225055,227888,226125,229650,221854,226132,233048,241224,244966,253351,250159,251250,258049,253494,258062,259832,268151,271736,276656,276436,272546,276684,279893,285946,292667,293250,284464,293730,296788,299595,300472,303132
146571,145807,151242,151141,151282,154047,154254,162188,166279,166107,172987,167779,175119,172968,178166,182130,177832,179360,176527,182198,180953,178688,184015,180220,182372,186456,188889,197166,200181,198344,195003,197740,196316,200177,203675,213618,204100,205672,212228,221338,227004,228428,222055,228600,226025,225433,223076,227193,234674,234642,230325,238190,228508,230994,235738,241691,248323,249377,249670,259109,264035,255749,256445,265154,266687,268531,274972,274975,274545,280608,289324,292964,300724,293650,290730,297529,297144,300741,304496,309797
150418,152163,159783,158366,153607,156553,159453,159922,165372,172880,175077,177694,183403,180951,184507,184692,181153,177864,177848,185456,185968,182050,190541,187188,189190,187253,187409,189984,190690,200206,200347,203197,205526,205228,211774,213391,214051,213335,220481,230164,227375,228026,226765,227833,234778,229103,224304,226925,230200,236388,235024,236815,238026,239695,241670,245945,251956,259254,252603,256785,262844,258679,263132,269814,276458,269185,278622,278144,283141,282435,287906,296815,296388,293773,295124,298332,305900,306254,311413,311853
155876,160336,162921,161467,158177,161445,162770,164173,173872,180853,176240,178175,183652,187599,194121,190347,188431,178839,186966,187650,193290,190298,198711,190650,197720,189160,195219,196634,198045,200984,205320,210091,209459,209012,212212,214631,223285,218082,220290,222497,224442,227341,228172,233978,240873,232587,229992,234611,232937,236765,238728,245819,243216,249435,250313,254595,257314,258551,254125,255832,259445,268566,270088,272261,272780,270018,271467,280956,283529,283515,287682,291138,297947,296239,295351,302476,305235,311485,317885,319942
159142,166167,172677,163356,159442,168558,170493,173961,180677,183825,178332,186863,190244,196772,198552,194375,191977,185970,190416,192465,196113,196999,194721,193962,202000,193645,197832,201822,206791,208743,208848,211025,214702,217391,216050,221864,226471,227269,227506,224687,231409,230261,234254,241888,241813,236196,238950,241560,240668,237259,246012,253446,244739,249165,252708,259793,255755,262526,263972,256478,261527,262351,270768,276028,275510,275720,273980,283255,287534,286282,294966,292303,302206,299924,295406,305088,314051,317490,319592,326115
161140,169871,165771,164835,164701,171765,173937,170608,178353,185489,182105,185915,186645,194900,197605,197028,201767,192777,192758,192820,202164,199667,198411,195990,205669,201747,198406,202724,209205,217918,214271,219087,217569,227048,223603,225306,229226,234699,231451,232326,235123,233653,236178,241173,244176,239063,246901,250821,241154,246765,255900,254227,253605,250867,254662,254752,255108,256591,260791,258609,265578,268282,268768,275648,279914,276804,279149,284059,290626,294617,296420,297346,299960,301425,298073,302586,309058,316529,322249,323865
170018,169032,167419,165703,166607,169288,169852,170517,176512,178986,186482,189347,196136,203987,206455,202819,194269,193600,193105,199014,201278,202259,206282,203606,212114,203993,199166,201842,206502,211383,218955,220660,226601,227540,227987,226235,233760,242179,237007,241389,235785,242540,243204,249707,243891,240517,242599,250197,246880,253452,260630,261286,253678,253881,258944,255422,260569,262222,264158,268405,274053,276190,273841,275406,280414,282099,283606,284880,289668,291396,291734,292334,300749,309284,307424,310336,315945,321790,323531,323656
173655,175521,177053,175167,175662,171701,177676,180034,184044,182563,189613,195533,202513,211878,210330,195593,195139,196097,201603,201232,203989,207679,210660,204192,207512,209430,200200,201593,211479,213266,220377,216586,225050,233092,233499,228310,236585,240186,244722,250859,244571,249015,251577,251866,252083,242583,245847,250847,247559,247914,250983,255056,254172,256189,261701,259756,269194,271008,272795,278179,275222,277171,280435,281478,284684,291257,291522,290632,296462,300787,298035,298176,301461,303602,307500,315527,319837,328658,330610,324963
182152,182202,181785,182318,182722,176905,185935,187191,184877,187577,196300,198740,208536,215189,205580,195712,200257,203747,210938,202041,205716,208313,213281,208137,212602,208771,200387,204489,205749,208194,210986,215239,223628,232918,226367,228132,229653,236574,245160,249528,246136,251863,259432,253869,256917,252480,251758,259477,252629,249244,256936,262613,262152,262217,267506,268846,277111,274027,276597,277295,284371,282919,282400,291136,289101,294871,294462,298183,298961,299233,303778,299454,305152,312338,310095,316570,321912,328508,329657,331883
190340,190211,191331,188628,188177,179405,189251,193783,191749,191434,192741,200866,207908,209099,209156,198042,198685,203289,211188,208889,206087,214154,213399,211337,218186,210628,209892,211425,206133,208326,210516,210817,219352,224855,226317,233697,234767,239591,248424,250187,251110,259821,268694,260567,259387,255125,258695,261315,253305,252177,255733,263676,265037,265339,274444,274293,274711,276926,281745,280994,290015,292420,282997,287081,287256,288877,288878,289957,296024,301836,306162,309368,311785,317179,314328,321056,330140,330372,335520,333108
200275,199004,199570,190453,197193,187651,196088,197114,200877,201109,198827,205902,206221,207555,214512,201625,205852,207467,209193,214502,206782,215059,221286,217696,218522,212347,212672,216021,207492,209505,214003,218889,220018,230016,227464,236268,244172,245846,247465,249630,257121,257122,266004,266968,259228,255628,261386,261111,256739,253162,256362,263977,272035,270371,271451,277861,281584,282422,283211,283406,293291,293307,287403,290686,296026,293238,295083,299150,297561,307520,306376,313636,321351,316113,314428,319348,326486,336305,339721,334084
203741,202370,192516,191531,198753,196539,201554,202493,204455,205649,205680,214370,209949,213906,216861,204759,211680,217159,210050,213357,211780,213952,219735,221627,224568,214888,214854,208292,208279,210378,219509,228383,220914,229514,229107,237526,244774,247434,250043,258209,257212,263785,269291,269212,261175,261793,265672,263083,266384,256967,258025,259481,268334,274039,281340,285350,282691,282805,286849,286375,289718,289870,295208,295666,305595,298271,296820,306773,304758,313916,310447,311771,312244,321920,318412,328092,330092,338252,342806,339516
203542,202214,197702,195484,197648,199911,204008,205740,213152,208671,215576,217921,213820,220611,215675,207501,212131,219098,217879,219348,217914,215149,216563,225486,225332,216282,222426,213311,216047,215525,223529,232354,225976,235601,237095,238205,242197,250181,260009,264725,263463,271733,268640,266692,262607,266623,272607,271178,268240,259181,264508,266327,269447,271034,277235,283926,291787,292432,293520,290377,293213,299809,302916,303131,309010,305230,303454,306695,308159,310514,319508,314382,320074,324015,320589,322735,327824,334903,335422,341773
210822,210549,201963,198315,204865,203052,213046,215680,216322,210860,214865,221807,223668,225961,223735,214166,219650,223422,225563,220005,227367,224445,219507,226350,231891,224129,224154,222992,219953,221878,227407,230229,229331,233228,240952,242462,249686,258358,262714,266697,265411,272303,276055,270845,268500,270813,271434,272914,272285,268713,272209,269998,270658,272280,275456,279980,289297,296497,299158,297021,300156,305272,306447,305952,307299,311188,306890,308133,311132,311508,312358,316489,319105,320654,324054,328681,328514,337787,342376,349764
214399,204559,204160,200911,208647,205194,206516,207484,214834,212474,212942,216288,219553,226775,226868,215827,221144,223726,231685,224690,226268,223461,220544,226242,227771,228101,232870,225626,223254,225290,233911,230972,237332,237962,238850,246594,254686,258357,267298,264974,270632,277731,275201,270893,270432,274875,276190,277566,279622,270294,278149,274310,276634,279535,281936,283976,286724,288697,298428,297731,298627,308044,313109,311255,310856,311141,314072,317561,312474,320528,319957,317881,326185,322724,331862,335896,330522,340459,341565,348675
213095,205328,211231,201543,203114,209934,215259,211822,212159,215525,216015,217961,226180,226284,230494,222813,221393,226454,235147,232650,231011,224465,229401,232239,237123,232439,237002,230634,225810,231808,238502,235317,239044,245918,238870,242824,251476,255900,265287,263224,271582,273726,279030,276087,279082,283157,277446,278549,279111,276973,278958,277963,279404,281837,286115,284591,287454,289169,289411,293201,295837,302835,305923,307594,309833,310790,316201,320796,318756,321637,329931,320282,321157,328731,331718,336305,333669,340435,350320,351640
211954,208344,211963,208361,212187,216054,217802,212379,215059,217074,224126,221834,223148,227337,229183,227212,228434,234037,236464,235514,232992,229467,231470,232218,234166,238454,229965,227018,226580,234947,236610,243204,246803,240912,239027,246797,251317,256195,260052,261189,264714,267764,274040,279609,286731,283146,281979,286392,281310,282621,286586,287038,288845,285437,292668,286979,292619,298265,290369,293427,294011,299910,308060,308775,318391,311888,320050,326869,326927,323156,324296,327947,329958,331363,332662,341854,334376,344331,344568,351882
213402,211307,218885,211902,214997,216485,222039,215013,221028,221707,226077,224596,224798,226972,227881,235370,231356,239823,240662,239794,242084,238323,240305,237675,236956,245530,239707,232072,236127,239103,244550,251330,256627,248252,247867,253371,254864,256341,259355,266153,271848,268199,277683,287542,285728,283150,283481,287444,283048,284428,289253,287501,293844,295138,301174,296801,302174,306953,298537,296894,297245,303563,305350,310941,311360,317953,325927,334413,336788,329537,331054,328141,331202,335517,335525,340190,338165,340366,341858,346274
213528,220234,224192,217584,223983,223352,222804,221089,224187,222495,225635,229340,225628,234881,233693,238714,238972,247506,242208,249384,243185,247335,250126,245807,244813,247505,240776,239563,239115,240682,243124,247445,249594,255894,253975,253621,259707,259508,259379,268907,276017,270884,272104,281300,282697,288127,285058,286788,288529,285405,291520,287700,294026,296209,299976,302729,307760,306761,299200,305543,306933,304512,310425,319585,313230,318994,328881,333358,337653,330950,335945,333635,338333,337709,344494,347328,342162,349063,342504,343532
221602,221965,226453,218208,222809,231515,222959,229980,224496,225047,233255,237034,228582,231706,235175,239421,242324,243429,246717,255394,253086,251751,258317,255090,250438,253491,243728,248444,246808,241512,246092,254320,259053,264505,258474,254800,259788,260902,259929,262265,268354,275226,272373,279586,281434,282351,289023,289438,287539,286883,293419,290865,295608,300598,301152,307363,314570,312045,308930,310281,308482,309498,314440,323085,316928,326357,327796,329971,336520,334008,340521,335209,342197,346042,347900,352573,347593,354733,349589,349939
229447,226659,228983,226457,223099,229047,228468,230056,230436,229542,235408,238229,233208,235685,238471,246060,247178,245427,251054,254980,261432,258263,266616,257008,257508,255300,247910,250768,248884,246118,252361,256468,265450,273073,267527,259044,264648,261004,262685,262992,268879,271445,279367,279411,285397,282972,284174,284548,291536,291013,294640,297609,305051,305166,302550,311229,311626,315554,318089,310648,311399,315625,320228,323532,325057,325968,328637,330100,339849,334272,338750,344149,343306,350615,350362,350479,352285,357538,349814,352126
233611,230296,229398,227398,232002,229086,231911,237228,231467,233229,238130,246212,238153,240200,245675,254985,256527,254962,260994,255198,256986,266231,260786,258549,263178,261838,253957,256321,258691,254219,254286,263000,263445,271777,273183,265874,270434,266740,269991,265702,268736,270574,278543,284861,292773,285556,286254,291985,298241,293267,300695,298429,299211,309072,310146,313988,315257,323320,322554,317314,311793,316358,324223,328427,334947,331996,334754,334824,343980,338745,343297,343899,343776,349967,354894,355866,353169,354938,351792,354792
237869,237176,231094,230980,236773,234009,234030,235185,240523,242927,244733,247435,243667,250127,255284,261151,263093,259498,264483,260132,265062,274124,267527,264712,270577,263499,256294,261894,261610,263231,262745,264053,269517,270742,280048,274692,276320,273983,277356,274494,274743,279830,285242,292032,296262,292558,294974,299824,299471,294938,295416,303190,300818,303135,308572,313277,321163,325923,329168,322145,314874,317871,320959,328634,334842,335097,341575,341664,341786,348378,348197,345966,352322,354516,356607,363054,358774,363537,358550,360021
245723,242419,240249,234536,243348,241056,236232,236726,242719,247319,249493,244814,244101,252012,259438,266852,268998,259820,260623,268092,272625,277533,273812,271003,268866,266888,265633,266026,270311,270765,268032,267699,268291,271356,278938,277284,285075,280051,285073,276476,280525,281724,284624,290860,294899,299127,298011,303848,303336,295638,303231,305681,308090,309013,311655,318433,325072,328661,331041,325768,317455,324072,326828,335230,341650,338048,340369,345564,342283,344473,350660,347308,348624,353077,360817,364971,361733,361813,360032,368277
249246,241745,239699,235280,243592,246412,243087,245565,243038,246000,250523,244861,250408,259070,259138,263951,263548,262532,270554,269770,272871,281098,280345,275936,274878,266980,271479,270806,276567,277126,272355,277684,269522,271697,278875,280318,290062,286206,293428,284263,286361,291042,292484,300504,303840,305607,307454,310178,301727,295799,302778,305130,310758,316004,312853,320920,326787,333407,332916,328875,320449,323571,326695,333030,336948,345845,343024,352587,342917,344005,345581,354516,355879,353551,361717,369134,371280,364699,365592,369434
250116,242836,239725,242810,249953,246126,244831,250888,246047,247854,255952,250266,252500,257374,266821,266571,272311,262559,269969,270739,270779,273745,279393,283532,281097,271218,274361,274485,281672,277816,282335,284321,277236,281070,284507,287844,294551,290157,298213,288479,288507,292109,297480,303509,306548,310040,310255,305038,300624,299175,307184,312370,317785,320402,315800,324881,328815,337239,339729,330114,321372,324077,328343,331575,333839,340600,340963,343614,346300,351775,352311,360167,363219,363230,363875,364485,368956,369307,366502,372743
252234,247494,240738,249535,250193,254935,249863,258566,253588,248700,252057,253186,262317,259119,269099,274164,270762,265646,266425,269643,275876,279313,283609,285821,283012,279116,279382,283946,287265,286030,291508,283710,279507,287487,287490,293442,302401,298556,293723,290255,291695,301009,299200,305723,308656,309277,317962,310521,309610,305338,308782,318321,322105,319947,319792,322620,324770,330841,330522,329735,326840,332140,329553,332901,341972,345462,341446,350463,350397,356583,362126,360873,365921,364874,364878,374350,378288,370591,368446,370659
259068,249461,245658,247585,254291,258635,257246,262032,260600,250710,255938,254410,257568,264535,273115,282105,279645,270859,266501,274807,276838,281818,287457,295340,290196,284761,287151,287205,295282,295160,288386,286806,289131,291305,289260,289955,292409,293356,299385,293729,301633,304536,304896,309656,316380,317015,319863,316963,315377,312183,317105,321236,324095,327542,322292,327107,328430,337560,339102,336751,335071,336531,337922,336345,340414,344435,342002,348156,348783,351561,353057,357263,363619,372053,373369,377185,382275,373781,374021,371674
259128,255018,247446,254249,259890,265479,259207,264018,269135,260624,265859,255860,264717,265273,269935,278504,280212,273084,274340,282958,277124,279772,285114,287408,290613,289307,287327,295910,299023,301294,296710,294827,296135,296510,296292,296592,301851,298895,304132,298548,304422,310229,313485,316527,325396,317998,319756,320749,316896,318424,317290,325688,324590,327960,331425,330158,332979,342653,346413,346489,338387,345914,340580,339121,348602,350179,342621,346564,349888,356379,357990,357416,367154,371777,372689,376284,384055,381720,375240,376079
258456,255483,251600,257409,257724,265480,263637,265425,266706,262255,268716,263090,269107,271024,270073,270661,275943,275526,283450,291993,283473,282287,283857,289979,294171,293481,290857,292790,296976,301396,301319,300566,300270,299473,302600,297753,306562,307514,305163,302367,309338,317566,317673,318019,318928,326046,322084,327521,325363,326095,326358,327914,332169,334382,338481,338200,336275,338547,341553,343749,345707,347308,344070,342223,342260,343553,345833,350600,354929,363702,363784,361872,368046,375325,379743,379119,386172,385118,376030,382670
259964,256540,258657,261235,263801,264826,266592,266649,267763,268984,273690,267788,274027,278227,279496,272465,276882,282212,283638,290579,291544,283316,288301,297311,300293,300078,292479,294053,297566,299250,306336,306071,303128,299884,309522,301903,302810,311945,304177,303348,305055,310414,319195,326580,318933,328064,326057,333216,326703,333050,333872,335907,339133,342580,340414,339949,337152,341145,345598,351769,355056,355495,346849,350902,345221,347100,349207,352717,353846,357414,359655,362280,371418,377392,385598,386788,390779,386563,384730,387150
264829,266452,266695,269473,264583,267678,274791,267776,272264,276264,272387,270275,273901,276691,283372,273940,280252,288529,288465,290683,296489,290448,297053,298521,305992,300846,293218,301980,305889,307370,311505,315149,312186,303254,312814,309890,311395,318318,309524,312660,306113,310384,311543,316829,322233,329158,334663,342420,334064,335465,334432,335018,339020,341664,342341,340744,337920,342329,345271,348616,349618,350426,351790,357169,353200,352240,357850,360270,363284,364734,364593,364946,369555,372333,380491,383955,382838,386705,386596,393777
265000,268771,273829,278288,269361,270591,273106,269780,272869,280722,273382,272004,276781,279397,284878,275300,280993,284029,285880,293128,295531,292721,301257,305022,313579,301459,302889,309111,313608,313795,312278,312995,312217,303414,304528,312082,318392,314193,314037,316982,314612,314917,314152,318378,327088,333715,334359,344025,340324,340335,340176,342403,345562,347867,350044,346874,346864,347918,347533,354336,355999,357840,358678,362292,360520,361632,366911,367050,363606,372581,371643,370035,370616,372876,376075,377225,379090,384476,394175,400278
268744,277198,280714,278557,270280,272203,276204,276644,280723,281392,275873,278061,285575,289042,282790,281014,290779,293310,293418,300044,296780,293116,295617,305235,310070,310305,312597,311924,315227,315589,320587,314661,307222,305016,306366,306602,311195,313440,322433,318639,314622,322837,321073,323584,327607,333539,340536,348337,340586,347975,343283,350678,350500,355689,352469,350097,350750,350023,356233,363862,358087,366502,366712,369296,366230,363756,370920,370624,370236,380216,375885,372936,380087,374367,376484,381046,380220,389306,393423,400121
271554,273834,276165,276004,274834,276274,284591,277859,280133,289981,282611,279665,286946,291556,282751,282312,290630,298464,302844,308647,302872,301060,296926,305754,306057,309214,313852,316363,324402,317510,322205,315504,307525,306031,307803,312515,312322,314274,316224,325129,318686,328576,321458,330815,335552,338574,345656,350311,344679,351225,348470,354107,352541,361487,354227,357208,357316,351050,352099,357247,364471,371719,367008,372219,365787,365412,373405,373440,373953,378232,379220,374545,377726,374409,380610,383710,383364,383527,393057,397588
278650,279904,277174,280992,278372,282075,288071,280922,282457,285369,290522,286667,291005,293112,285232,289680,293196,295212,302768,304961,304260,304925,305051,309688,310153,317328,314602,317746,319684,324512,325261,313275,308917,310251,311258,318227,321969,315595,324643,322322,320326,326952,323246,323560,333138,339768,342581,349207,349660,359568,355494,358462,355742,359263,358091,357003,353437,352973,352694,362495,364023,372389,375092,376465,366828,374219,382490,375332,383384,386549,388236,383766,386300,384390,389850,389105,385373,389837,392691,401946
287480,283049,280134,289749,286592,288136,287292,283840,288938,294647,292349,290052,296617,299614,292548,295362,293303,300949,305415,305029,306212,314528,313666,309742,316933,315389,321435,320306,320377,330110,320656,313845,318044,319788,313183,321470,325400,319892,328344,331117,326539,333660,325666,327768,328292,334207,342809,351139,352311,360858,361650,360274,362013,367254,367498,365057,354990,359839,353822,355941,360632,370343,377096,382100,376763,381119,376496,376014,380140,381181,381609,387856,390020,390272,397376,391687,389700,397425,396194,398825
290218,292372,280855,288289,288045,294339,290249,287626,293348,299367,301034,294438,297504,306561,299408,295861,298618,301663,306857,312140,309349,318453,311718,310328,313394,314149,318326,327145,327417,330519,323968,317742,322170,325692,317904,325153,331712,327216,328041,335352,330299,336363,331736,337440,333174,333758,335123,344862,354193,355355,353943,361832,356903,358206,359761,366886,363302,360264,362758,359174,366898,368378,368781,376221,378005,379759,381217,377583,378235,382128,386183,391875,399750,395085,404929,399978,398899,404526,399585,407739
296262,295300,290187,291617,296633,293079,292632,288802,292325,295030,303395,300574,302946,311995,304934,304436,307487,310694,314137,312846,312143,320957,317485,314569,321090,314227,320797,321353,326436,327862,328223,321078,330596,322081,319789,323529,326682,336030,337372,341109,333058,338465,340764,345280,342429,334589,335104,337716,347463,349309,351056,355002,355036,359936,362494,370765,365021,369934,365568,365951,367545,373912,375040,383356,381820,381448,388057,387020,382596,382950,392569,394940,395023,401367,408853,408635,407127,414161,406517,411381
304740,300077,296521,296295,303771,298042,298633,291898,297758,296435,301562,307843,310739,309899,305161,313604,310483,319411,314344,313579,313419,321096,322804,316097,325655,317556,317858,326759,327858,336135,330706,321723,330848,330950,325741,323670,331811,333627,343262,341267,337242,340335,340418,342762,345176,343941,343070,338922,340048,341874,342092,350031,352988,355717,356527,365279,370268,373780,369606,374835,375444,383479,375341,380606,386358,388972,392015,387371,385702,391220,397448,401313,395777,398324,402564,404877,410391,410579,407557,417295
307005,308269,298284,297664,306133,305575,296786,291950,293162,299852,305109,314027,317462,311858,305539,309578,311999,320554,322528,323156,314851,321990,330068,321549,331177,325135,322019,329509,333017,335259,325458,321804,322282,328122,326968,325004,331879,340549,349658,339495,338756,347448,340940,350256,352131,345286,349331,341199,343241,351647,346015,350192,351961,353197,359944,366519,371393,377396,376015,383022,376189,384965,384781,388149,396183,391554,398935,395518,392938,396405,403969,402120,395995,403986,408958,405268,412927,418035,412685,417979
309137,317261,306444,303446,307866,303955,300584,297004,293714,299345,306891,311607,312939,318344,313431,317019,316369,322600,327107,325277,323466,323135,332526,323073,324458,326858,331456,331963,339859,337095,328386,330204,325581,329606,334426,329707,336913,343271,344063,345681,339481,343756,345076,352466,355772,349788,354213,346284,351417,350734,346134,349702,349778,359141,366084,368332,377409,387127,382228,388045,382918,387108,387873,394783,394995,394236,402616,396772,402542,399416,408707,407449,405448,413732,411697,411790,415555,419432,413798,419587
314441,314721,307008,306247,306022,305020,302367,300612,301073,307142,310175,310971,314193,314630,320616,323154,324940,325378,332866,329890,324144,329275,330136,330823,325261,335120,341374,334388,338122,339793,337391,335068,335399,336349,332314,329839,339325,343150,346427,340692,339773,344184,351397,359096,362207,358807,354441,347672,348474,349603,347479,355972,359265,367699,373145,377109,385942,386893,384466,389875,387875,395611,391044,398666,400774,400381,402798,402645,408105,405109,414683,416876,407385,414769,416260,418632,420987,419955,417204,425185
