(7,383,343,959,303) = 1995
(7,383,343,943,699) = 2375
(7,383,583,773,699) = 2445
(7,563,583,959,473) = 2585
(7,973,343,959,473) = 2755
(53,563,583,959,767) = 2925
(53,973,343,959,767) = 3095
(863,497,343,959,473) = 3135
(863,383,343,959,767) = 3315
FINAL: (863,383,343,959,767) = 3315
(7,343,463,399,300,473,665,541,138,248,778,94,823,631,805) = 6708
(7,343,463,399,300,473,665,541,138,248,778,156,823,833,805) = 6972
(7,343,463,399,300,473,665,541,138,248,760,274,823,833,805) = 7072
(7,343,463,399,300,473,665,541,138,694,740,94,823,631,805) = 7116
(7,343,463,399,300,473,665,541,138,694,740,156,823,833,805) = 7380
(7,343,463,399,300,473,665,541,138,694,760,157,823,833,805) = 7401
(7,343,463,399,300,473,665,541,138,976,740,274,823,631,805) = 7578
(7,343,463,399,300,473,665,541,672,302,760,274,823,833,805) = 7660
(7,343,463,399,300,473,665,541,672,694,840,94,823,631,805) = 7750
(7,343,463,399,300,473,665,541,672,694,840,156,823,833,805) = 8014
(7,343,463,399,300,473,665,541,672,694,760,293,823,833,805) = 8071
(7,343,463,399,300,473,665,541,672,976,840,274,823,631,805) = 8212
(7,343,463,399,300,473,665,541,672,976,778,156,823,966,805) = 8367
(7,343,463,399,300,473,665,541,672,976,760,274,823,966,805) = 8467
(7,343,463,399,300,473,665,265,672,694,760,993,823,833,805) = 8495
(7,343,463,399,300,473,665,265,672,976,778,993,823,631,805) = 8593
(7,343,463,399,300,473,665,323,448,976,778,993,823,966,805) = 8762
(7,343,463,399,300,473,665,925,672,302,760,993,823,833,805) = 8763
(7,343,463,399,300,473,665,925,672,976,840,993,823,631,805) = 9315
(7,343,463,399,300,473,665,925,672,976,760,993,823,966,805) = 9570
(7,343,463,399,300,473,673,941,672,976,760,993,823,966,805) = 9594
(7,343,463,399,300,473,992,941,672,976,778,993,823,966,805) = 9931
(7,343,463,399,300,473,992,925,672,976,969,993,823,966,805) = 10106
(7,343,463,399,300,915,992,925,672,976,840,993,823,788,805) = 10241
(7,343,463,399,300,989,992,941,672,976,778,993,823,788,805) = 10269
(7,343,463,399,300,989,992,925,672,976,969,993,823,788,805) = 10444
(7,343,463,399,780,593,992,941,672,976,778,993,823,966,805) = 10531
(7,343,463,399,780,593,992,925,672,976,969,993,823,966,805) = 10706
(7,343,463,399,780,915,992,925,848,976,740,993,823,966,615) = 10785
(7,343,463,399,780,989,992,925,672,798,969,993,823,833,805) = 10791
(7,343,463,399,780,873,992,941,848,976,778,993,823,966,615) = 10797
(7,343,463,399,780,873,992,925,848,976,969,993,823,966,615) = 10972
(7,343,463,853,962,473,992,941,672,976,778,993,823,966,805) = 11047
(7,343,463,853,962,473,992,925,672,976,969,993,823,966,805) = 11222
(7,343,463,853,962,915,992,925,672,976,840,993,823,788,805) = 11357
(7,343,463,853,962,989,992,941,672,976,778,993,823,788,805) = 11385
(7,343,463,853,962,989,992,925,672,976,969,993,823,788,805) = 11560
(7,343,463,983,962,873,992,925,848,976,969,901,823,966,615) = 11646
(7,343,993,853,682,915,992,962,672,976,778,901,823,966,805) = 11668
(7,343,993,853,682,823,992,962,672,976,969,901,823,966,805) = 11767
(7,343,993,853,962,915,905,925,672,976,760,901,823,966,805) = 11806
(7,343,993,853,962,915,992,972,672,976,778,901,823,966,805) = 11958
(7,343,993,853,962,989,992,925,672,976,969,901,823,813,805) = 12023
(7,343,993,853,962,823,992,972,672,976,969,901,823,966,805) = 12057
(7,343,883,983,962,823,992,972,848,976,969,901,823,966,615) = 12063
(7,773,487,853,962,915,992,925,848,976,740,993,823,966,883) = 12143
(7,773,487,853,962,873,992,941,848,976,778,993,823,966,883) = 12155
(7,773,487,853,962,873,992,925,848,976,969,993,823,966,883) = 12330
(7,773,993,853,962,915,992,925,721,976,740,901,823,966,805) = 12352
(7,773,993,853,962,915,992,925,672,976,829,901,823,966,805) = 12392
(7,773,993,853,962,915,992,925,848,976,740,901,823,966,883) = 12557
(7,773,993,853,962,873,992,941,848,976,778,901,823,966,883) = 12569
(7,773,993,853,962,873,992,925,848,976,969,901,823,966,883) = 12744
(7,959,993,853,800,823,992,972,848,976,969,901,823,966,883) = 12765
(7,943,883,983,962,915,992,972,848,976,778,901,823,966,883) = 12832
(7,943,883,983,962,989,992,925,848,976,969,901,823,813,883) = 12897
(7,943,883,983,962,823,992,972,848,976,969,901,823,966,883) = 12931
(7,957,993,853,962,873,992,972,848,976,969,901,823,966,883) = 12975
(183,959,993,853,960,873,992,925,848,976,969,901,823,966,883) = 13104
(183,943,883,983,962,870,992,925,848,976,969,901,823,966,883) = 13107
(183,957,993,853,960,873,992,962,848,976,969,901,823,966,883) = 13139
(439,773,993,853,960,873,992,925,848,976,969,901,823,966,883) = 13174
(439,943,883,983,960,915,992,972,848,976,778,901,823,966,883) = 13262
(439,943,883,983,960,989,992,925,848,976,969,901,823,813,883) = 13327
(439,943,883,983,960,823,992,972,848,976,969,901,823,966,883) = 13361
(439,957,993,853,960,873,992,972,848,976,969,901,823,966,883) = 13405
(863,627,883,983,962,989,992,925,848,976,969,901,823,813,883) = 13437
(863,627,883,983,962,823,992,972,848,976,969,901,823,966,883) = 13471
(863,773,883,983,960,915,992,962,848,976,778,901,823,966,883) = 13506
(863,773,883,983,960,823,992,962,848,976,969,901,823,966,883) = 13605
(863,773,883,983,962,870,992,925,848,976,969,901,823,966,883) = 13617
(863,959,883,983,960,915,992,972,848,976,778,901,823,966,883) = 13702
(863,959,883,983,960,989,992,925,848,976,969,901,823,813,883) = 13767
(863,959,883,983,960,823,992,972,848,976,969,901,823,966,883) = 13801
(863,957,883,983,960,989,992,962,848,976,969,901,823,813,883) = 13802
(863,957,883,983,962,870,992,972,848,976,969,901,823,966,883) = 13848
(973,959,993,853,960,989,992,925,848,976,969,901,823,813,883) = 13857
(973,959,993,853,960,823,992,972,848,976,969,901,823,966,883) = 13891
(973,957,993,853,960,989,992,962,848,976,969,901,823,813,883) = 13892
(973,957,993,853,962,870,992,972,848,976,969,901,823,966,883) = 13938
